1 108300
151 7800
301 3000
451 1799
601 1500
751 1900
901 2299
1051 1900
1201 143900
1351 1600
1501 2000
1651 6799
1801 2000
1951 2001
2101 1900
2251 1799
2401 1499
2551 1000
2701 1200
2851 2700
3001 1299
3151 1400
3301 1100
3451 1200
3601 999
3751 1501
3901 1501
4051 1300
4201 1200
4351 5400
4501 1699
4651 1200
4801 1001
4951 1299
5101 1900
5251 1600
5401 1600
5551 1701
5701 1999
5851 3100
6001 1700
6151 1501
6301 1900
6451 1701
6601 1599
6751 1500
6901 1300
7051 2001
7201 1500
7351 1900
7501 1999
7651 1599
7801 1400
7951 1400
8101 2099
8251 1600
8401 2200
8551 1900
8701 565100
8851 1999
9001 1700
9151 2000
9301 1700
9451 1600
9601 1300
9751 1401
9901 1699
10051 1600
10201 1800
10351 1500
10501 899
10651 1900
10801 1100
10951 1200
11101 1000
11251 1000
11401 1200
11551 1600
11701 1000
11851 1299
12001 1400
12151 1100
12301 1301
12451 2199
12601 1300
12751 1500
12901 1200
13051 1501
13201 1100
13351 1299
13501 1300
13651 1699
13801 1300
13951 1299
14101 1200
14251 1200
14401 1200
14551 1200
14701 2101
14851 1901
15001 1200
15151 1400
15301 1300
15451 1600
15601 1200
15751 2400
15901 1300
16051 1500
16201 1601
16351 1100
16501 1800
16651 1301
16801 1200
16951 1400
17101 1999
17251 1900
17401 1101
17551 1700
17701 1100
17851 1600
18001 1300
18151 1499
18301 1700
18451 1500
18601 1600
18751 1601
18901 1100
19051 1500
19201 1401
19351 1400
19501 1500
19651 1200
19801 1200
19951 1299
20101 1500
20251 1399
20401 1200
20551 901
20701 1900
20851 1900
21001 3500
21151 1300
21301 1499
21451 1800
21601 1500
21751 2099
21901 2099
22051 1400
22201 1200
22351 1300
22501 1500
22651 1900
22801 1199
22951 1200
23101 1800
23251 1400
23401 1200
23551 1700
23701 2300
23851 1900
24001 1800
24151 2099
24301 1299
24451 2401
24601 1700
24751 1200
24901 1799
25051 2300
25201 1800
25351 1801
25501 1301
25651 1500
25801 1600
25951 1800
26101 1800
26251 1501
26401 1700
26551 1800
26701 2900
26851 2000
27001 1601
27151 1600
27301 1400
27451 1400
27601 1100
27751 1800
27901 2200
28051 3399
28201 2101
28351 2300
28501 2300
28651 2800
28801 1399
28951 1400
29101 1300
29251 1600
29401 2299
29551 1200
29701 1700
29851 2801
30001 1799
30151 1300
30301 1400
30451 1600
30601 1700
30751 1600
30901 1300
31051 1700
31201 1700
31351 1500
31501 1600
31651 1600
31801 1700
31951 2800
32101 1501
32251 1600
32401 1700
32551 1899
32701 1500
32851 1300
33001 1599
33151 1200
33301 1400
33451 2600
33601 1300
33751 1500
33901 1001
34051 1599
34201 1400
34351 1499
34501 2201
34651 1701
34801 1900
34951 1700
35101 1301
35251 1900
35401 1500
35551 2500
35701 1300
35851 2400
36001 1501
36151 1499
36301 1900
36451 1700
36601 1500
36751 1800
36901 3200
37051 3600
37201 1800
37351 2199
37501 1899
37651 1300
37801 1800
37951 1499
38101 2000
38251 1501
38401 1499
38551 1401
38701 1400
38851 1400
39001 1700
39151 2100
39301 1500
39451 1900
39601 2399
39751 1900
39901 2300
40051 2900
40201 1600
40351 2600
40501 1701
40651 1700
40801 2000
40951 2499
41101 2100
41251 2200
41401 1601
41551 1500
41701 1400
41851 2501
42001 2300
42151 1799
42301 1299
42451 1700
42601 1399
42751 1800
42901 2200
43051 2099
43201 1999
43351 2300
43501 1900
43651 1299
43801 1600
43951 1700
44101 1600
44251 1900
44401 1500
44551 1499
44701 1900
44851 1200
45001 1401
45151 1499
45301 1799
45451 2300
45601 1700
45751 1900
45901 2001
46051 2200
46201 2001
46351 2100
46501 1700
46651 1900
46801 1801
46951 1699
47101 2000
47251 2700
47401 1500
47551 1600
47701 1699
47851 2400
48001 1500
48151 1900
48301 1799
48451 1800
48601 1500
48751 1700
48901 1499
49051 2501
49201 1300
49351 1600
49501 1299
49651 1500
49801 1400
49951 1700
50101 2600
50251 2201
50401 1600
50551 1700
50701 1600
50851 1800
51001 2100
51151 1701
51301 1500
51451 1600
51601 1900
51751 2800
51901 2001
52051 2000
52201 2101
52351 2100
52501 2000
52651 1700
52801 2699
52951 2000
53101 1799
53251 1800
53401 2200
53551 1700
53701 1900
53851 1801
54001 1801
54151 2000
54301 1700
54451 2001
54601 2100
54751 3501
54901 2100
55051 1700
55201 2000
55351 1801
55501 2200
55651 2000
55801 1599
55951 1700
56101 2000
56251 2000
56401 2199
56551 1999
56701 1700
56851 2001
57001 1800
57151 2301
57301 1999
57451 1700
57601 1700
57751 1499
57901 1700
58051 1600
58201 2101
58351 1200
58501 2699
58651 2000
58801 1700
58951 1601
59101 2201
59251 2001
59401 2001
59551 2400
59701 2800
59851 1699
60001 2200
60151 1300
60301 1901
60451 1800
60601 1800
60751 1700
60901 1999
61051 2699
61201 1900
61351 1700
61501 2600
61651 2201
61801 1799
61951 1800
62101 2400
62251 1601
62401 1800
62551 1900
62701 1500
62851 1601
63001 1400
63151 1700
63301 1599
63451 11100
63601 999
63751 1400
63901 1800
64051 1200
64201 1500
64351 1799
64501 2099
64651 1900
64801 2001
64951 1501
65101 1499
65251 1400
65401 1301
65551 1499
65701 1601
65851 1700
66001 1900
66151 1400
66301 1600
66451 1700
66601 1999
66751 1301
66901 1500
67051 1799
67201 2600
67351 1900
67501 2200
67651 1600
67801 1699
67951 2000
68101 1300
68251 2000
68401 1900
68551 1300
68701 1900
68851 2101
69001 1800
69151 1700
69301 1401
69451 2200
69601 1900
69751 1499
69901 2100
70051 1400
70201 1900
70351 1601
70501 2599
70651 2401
70801 1599
70951 1301
71101 1900
71251 1800
71401 2300
71551 1700
71701 1600
71851 1801
72001 2300
72151 1200
72301 1900
72451 1501
72601 1800
72751 1500
72901 2601
73051 1801
73201 1601
73351 3000
73501 1699
73651 2400
73801 1499
73951 1700
74101 1900
74251 2300
74401 1900
74551 1701
74701 1900
74851 2300
75001 1400
75151 2101
75301 1700
75451 1900
75601 2100
75751 2201
75901 1701
76051 1599
76201 2099
76351 2300
76501 1500
76651 2300
76801 1900
76951 1800
77101 1700
77251 1900
77401 2300
77551 1900
77701 1600
77851 1600
78001 1699
78151 1601
78301 1300
78451 1400
78601 1500
78751 1301
78901 2400
79051 2100
79201 1799
79351 1600
79501 2001
79651 2100
79801 1301
79951 1800
80101 1700
80251 2300
80401 2000
80551 1900
80701 1401
80851 2100
81001 2299
81151 1600
81301 1400
81451 2000
81601 2000
81751 1900
81901 1800
82051 1800
82201 1801
82351 2500
82501 1700
82651 2000
82801 1300
82951 1600
83101 1801
83251 1600
83401 1700
83551 2700
83701 1700
83851 3000
84001 1800
84151 1800
84301 1701
84451 2101
84601 1801
84751 1801
84901 3000
85051 2199
85201 1400
85351 1501
85501 1700
85651 2000
85801 1299
85951 1701
86101 2100
86251 1901
86401 1401
86551 1499
86701 1700
86851 2000
87001 2099
87151 1700
87301 1599
87451 1601
87601 1799
87751 2299
87901 1501
88051 1101
88201 1800
88351 1401
88501 1600
88651 2299
88801 1900
88951 1800
89101 1700
89251 1699
89401 1800
89551 2100
89701 1800
89851 1101
90001 1101
90151 1900
90301 1700
90451 2600
90601 1700
90751 1100
90901 1600
91051 1800
91201 1500
91351 2700
91501 1599
91651 2199
91801 2400
91951 2300
92101 2000
92251 1200
92401 2400
92551 1900
92701 2500
92851 2000
93001 1700
93151 2100
93301 4700
93451 2300
93601 1700
93751 1400
93901 1699
94051 1499
94201 1800
94351 1300
94501 1600
94651 1500
94801 1501
94951 1801
95101 1501
95251 1200
95401 2701
95551 2299
95701 2599
95851 2099
96001 1601
96151 2199
96301 2000
96451 1500
96601 1500
96751 2101
96901 3201
97051 2100
97201 1099
97351 1599
97501 1500
97651 2101
97801 2499
97951 1900
98101 1601
98251 1600
98401 3300
98551 1700
98701 1800
98851 1700
99001 2400
99151 1700
99301 2000
99451 1800
99601 1900
99751 2400
99901 6101
