1 38500
151 1100
301 600
451 500
601 599
751 700
901 599
1051 501
1201 1700
1351 401
1501 500
1651 900
1801 299
1951 300
2101 499
2251 400
2401 400
2551 301
2701 400
2851 599
3001 299
3151 300
3301 300
3451 300
3601 800
3751 600
3901 400
4051 400
4201 300
4351 401
4501 399
4651 299
4801 300
4951 300
5101 401
5251 301
5401 300
5551 301
5701 399
5851 500
6001 400
6151 301
6301 300
6451 401
6601 399
6751 399
6901 300
7051 400
7201 401
7351 401
7501 300
7651 300
7801 401
7951 300
8101 300
8251 400
8401 301
8551 401
8701 2000
8851 299
9001 299
9151 401
9301 399
9451 400
9601 300
9751 400
9901 500
10051 301
10201 400
10351 401
10501 300
10651 299
10801 400
10951 299
11101 401
11251 399
11401 399
11551 399
11701 400
11851 400
12001 301
12151 300
12301 401
12451 700
12601 300
12751 401
12901 400
13051 400
13201 300
13351 400
13501 400
13651 399
13801 400
13951 500
14101 400
14251 400
14401 400
14551 400
14701 801
14851 800
15001 300
15151 400
15301 400
15451 400
15601 399
15751 500
15901 400
16051 401
16201 401
16351 600
16501 500
16651 401
16801 401
16951 501
17101 399
17251 500
17401 300
17551 400
17701 400
17851 399
18001 400
18151 500
18301 399
18451 500
18601 400
18751 401
18901 399
19051 400
19201 399
19351 400
19501 300
19651 300
19801 401
19951 399
20101 400
20251 300
20401 300
20551 400
20701 500
20851 401
21001 1399
21151 399
21301 399
21451 400
21601 401
21751 901
21901 400
22051 500
22201 401
22351 400
22501 400
22651 901
22801 399
22951 399
23101 500
23251 400
23401 399
23551 400
23701 500
23851 400
24001 799
24151 900
24301 400
24451 800
24601 300
24751 300
24901 399
25051 499
25201 1000
25351 401
25501 300
25651 299
25801 300
25951 599
26101 601
26251 401
26401 500
26551 400
26701 600
26851 601
27001 400
27151 499
27301 400
27451 401
27601 400
27751 300
27901 399
28051 899
28201 900
28351 800
28501 800
28651 900
28801 400
28951 300
29101 500
29251 500
29401 500
29551 400
29701 299
29851 700
30001 399
30151 400
30301 400
30451 500
30601 401
30751 500
30901 401
31051 500
31201 499
31351 500
31501 500
31651 500
31801 599
31951 800
32101 400
32251 401
32401 500
32551 401
32701 500
32851 300
33001 499
33151 500
33301 500
33451 601
33601 500
33751 400
33901 200
34051 500
34201 500
34351 400
34501 500
34651 300
34801 300
34951 401
35101 500
35251 500
35401 401
35551 900
35701 400
35851 800
36001 400
36151 500
36301 700
36451 499
36601 500
36751 400
36901 900
37051 799
37201 400
37351 399
37501 400
37651 401
37801 400
37951 400
38101 400
38251 400
38401 500
38551 399
38701 400
38851 500
39001 400
39151 500
39301 299
39451 900
39601 800
39751 499
39901 700
40051 801
40201 499
40351 1001
40501 500
40651 501
40801 1001
40951 800
41101 401
41251 401
41401 400
41551 400
41701 500
41851 900
42001 399
42151 401
42301 500
42451 401
42601 500
42751 300
42901 401
43051 500
43201 500
43351 400
43501 401
43651 300
43801 400
43951 500
44101 500
44251 300
44401 401
44551 500
44701 401
44851 401
45001 500
45151 500
45301 500
45451 400
45601 400
45751 500
45901 400
46051 401
46201 400
46351 500
46501 500
46651 400
46801 401
46951 399
47101 400
47251 401
47401 500
47551 399
47701 400
47851 500
48001 399
48151 500
48301 500
48451 500
48601 500
48751 400
48901 400
49051 399
49201 500
49351 500
49501 399
49651 301
49801 299
49951 400
50101 501
50251 500
50401 400
50551 400
50701 400
50851 399
51001 500
51151 300
51301 500
51451 400
51601 401
51751 401
51901 400
52051 500
52201 500
52351 499
52501 500
52651 500
52801 800
52951 399
53101 500
53251 500
53401 500
53551 401
53701 500
53851 400
54001 401
54151 401
54301 301
54451 400
54601 500
54751 400
54901 300
55051 500
55201 401
55351 401
55501 400
55651 400
55801 400
55951 301
56101 500
56251 500
56401 399
56551 400
56701 500
56851 500
57001 400
57151 900
57301 399
57451 500
57601 601
57751 599
57901 1001
58051 500
58201 699
58351 400
58501 500
58651 501
58801 399
58951 599
59101 500
59251 500
59401 499
59551 401
59701 500
59851 399
60001 500
60151 500
60301 400
60451 500
60601 600
60751 400
60901 400
61051 500
61201 500
61351 499
61501 599
61651 400
61801 500
61951 500
62101 600
62251 500
62401 500
62551 301
62701 300
62851 200
63001 200
63151 299
63301 301
63451 400
63601 301
63751 201
63901 199
64051 200
64201 299
64351 301
64501 199
64651 300
64801 200
64951 300
65101 201
65251 200
65401 201
65551 200
65701 200
65851 300
66001 200
66151 200
66301 200
66451 300
66601 200
66751 201
66901 199
67051 401
67201 300
67351 301
67501 200
67651 200
67801 200
67951 300
68101 200
68251 299
68401 200
68551 300
68701 300
68851 299
69001 199
69151 300
69301 199
69451 401
69601 300
69751 200
69901 300
70051 199
70201 200
70351 299
70501 401
70651 400
70801 200
70951 200
71101 301
71251 200
71401 500
71551 300
71701 200
71851 300
72001 201
72151 300
72301 199
72451 200
72601 300
72751 200
72901 199
73051 200
73201 200
73351 200
73501 301
73651 401
73801 301
73951 200
74101 200
74251 300
74401 500
74551 199
74701 199
74851 300
75001 201
75151 299
75301 400
75451 301
75601 300
75751 200
75901 200
76051 201
76201 200
76351 200
76501 299
76651 300
76801 299
76951 300
77101 299
77251 299
77401 300
77551 200
77701 200
77851 299
78001 301
78151 300
78301 300
78451 300
78601 199
78751 201
78901 200
79051 300
79201 301
79351 299
79501 399
79651 300
79801 200
79951 200
80101 201
80251 199
80401 400
80551 300
80701 200
80851 300
81001 301
81151 299
81301 200
81451 299
81601 401
81751 200
81901 200
82051 200
82201 101
82351 300
82501 200
82651 400
82801 200
82951 200
83101 300
83251 201
83401 299
83551 200
83701 199
83851 399
84001 200
84151 199
84301 300
84451 300
84601 301
84751 201
84901 299
85051 200
85201 301
85351 300
85501 200
85651 300
85801 200
85951 200
86101 299
86251 299
86401 299
86551 301
86701 299
86851 300
87001 200
87151 600
87301 200
87451 200
87601 301
87751 201
87901 199
88051 200
88201 199
88351 500
88501 199
88651 301
88801 300
88951 400
89101 200
89251 401
89401 200
89551 500
89701 200
89851 200
90001 200
90151 200
90301 300
90451 399
90601 300
90751 300
90901 200
91051 300
91201 300
91351 199
91501 200
91651 401
91801 399
91951 300
92101 300
92251 200
92401 300
92551 199
92701 300
92851 200
93001 200
93151 200
93301 201
93451 200
93601 199
93751 301
93901 301
94051 701
94201 199
94351 300
94501 200
94651 200
94801 300
94951 200
95101 200
95251 200
95401 299
95551 301
95701 201
95851 200
96001 200
96151 301
96301 200
96451 199
96601 200
96751 299
96901 300
97051 300
97201 401
97351 301
97501 199
97651 299
97801 301
97951 299
98101 401
98251 301
98401 399
98551 301
98701 299
98851 199
99001 199
99151 299
99301 300
99451 300
99601 200
99751 299
99901 400
